episode;1;2;0.1;0.31708717346191406;7.869452159557419;[17.64 -1.98];[18. -2.];0.0;0.025414752967838572;[0.50201081 0.49798919];[-0.03540067  0.05814399]
episode;3;2;0.1;0.3388030529022217;9.848684892237685;[17.64 -1.98];[18. -2.];0.0;0.025390115224213198;[0.60288914 0.39711086];[-0.03481944  0.05556711]
episode;5;2;0.1;0.35961198806762695;6.577274885863;[17.64 -1.98];[18. -2.];0.0;0.0265263206905435;[0.43615061 0.56384939];[-0.03670034  0.06098472]
episode;54;49;0.1;27.462604999542236;-17.744922504861186;[  6.82533761 -31.41991428];[ 18. -49.];1.6905825496648559;-0.07879630231165015;[0.35756051 0.64243949];[ 1.2506691  -0.85806537]
episode;56;2;0.1;29.563042879104614;9.89560745165213;[17.64 -1.98];[18. -2.];3.3657173993228486;1.3961732104869595;[0.60528071 0.39471929];[ 1.6718149 -0.7953952]
episode;63;7;0.1;31.686455965042114;0.03252466368242768;[23.0319019  -6.59372334];[26. -7.];0.8294718344734386;0.019749291465116194;[0.2236661 0.7763339];[ 2.2376242 -0.6843791]
episode;66;3;0.1;33.774359941482544;0.26553729102025514;[17.2872 -2.9404];[18. -3.];1.6900739375881078;0.3871310758404733;[0.15849321 0.84150679];[ 3.0351233  -0.44589517]
episode;68;2;0.1;35.83213186264038;3.792132809342779;[17.64 -1.98];[18. -2.];2.5654963547078617;1.83066614056744;[0.29419637 0.70580363];[ 4.16238   -0.4505974]
episode;70;2;0.1;35.85124897956848;6.5241242395443955;[17.64 -1.98];[18. -2.];0.0;3.6689959811466877;[0.4334416 0.5665584];[ 4.160729  -0.4492485]
episode;72;2;0.1;37.91041803359985;3.415009097269245;[17.64 -1.98];[18. -2.];2.466882836620197;2.208423901079658;[0.27497498 0.72502502];[ 5.3234286 -0.7385167]
episode;74;2;0.1;37.930103063583374;15.714714467693414;[17.64 -1.98];[18. -2.];0.0;10.995141913094738;[0.90187128 0.09812872];[ 5.309099   -0.74006915]
episode;76;2;0.1;40.074259996414185;9.179746779067193;[17.64 -1.98];[18. -2.];2.783845390188467;6.9543407727387905;[0.56879443 0.43120557];[ 5.892375  -0.5575228]
episode;85;9;0.1;44.27802395820618;-6.084652608181704;[22.11983859 -8.31261189];[26. -9.];1.3600138198602854;0.09756784330540469;[0.07320999 0.92679001];[ 5.8930597 -0.6210543]
episode;87;2;0.1;44.29696488380432;9.169977500444656;[17.64 -1.98];[18. -2.];0.0;7.698401344415085;[0.56829651 0.43170349];[ 5.8833127 -0.6213427]
episode;89;2;0.1;46.375244140625;16.121047341485426;[17.64 -1.98];[18. -2.];2.8948131641982697;12.112745824603849;[0.92258141 0.07741859];[ 5.4037776 -0.7914221]
episode;91;2;0.1;46.39472198486328;13.096125329219648;[17.64 -1.98];[18. -2.];0.0;9.914785693852192;[0.76840598 0.23159402];[ 5.4083385 -0.7876134]
episode;93;2;0.1;48.45364308357239;11.736511409020384;[17.64 -1.98];[18. -2.];2.80209804254364;8.143732713441533;[0.69910863 0.30089137];[ 4.7924747  -0.57520646]
episode;95;2;0.1;48.47438597679138;6.177122650838623;[17.64 -1.98];[18. -2.];0.0;4.612545629867293;[0.41575549 0.58424451];[ 4.803397  -0.5692097]
episode;97;2;0.1;50.528950214385986;5.622119874695997;[17.64 -1.98];[18. -2.];2.4720351106515492;3.4977430533872353;[0.38746788 0.61253212];[ 4.1568403 -0.74657  ]
episode;99;2;0.1;50.547703981399536;5.406772260512038;[17.64 -1.98];[18. -2.];0.0;3.3731899891641035;[0.37649196 0.62350804];[ 4.15707   -0.7467275]
logs;100;1;0.1;52.603509187698364;-0.2936835113258933;[ 376. -100.];4.990203117371987;6.111635297853413;nan;[0.70631649 0.29368351];0
episode;101;2;0.09999090909090909;52.6166090965271;11.877929507785973;[17.64 -1.98];[18. -2.];2.4951015586859935;6.1116374419999016;[0.70631649 0.29368351];[ 3.6414561 -1.0425603]
episode;103;2;0.09997272727272728;52.636451959609985;11.937818380702991;[17.64 -1.98];[18. -2.];0.0;6.144163930165249;[0.70936893 0.29063107];[ 3.6413636 -1.0425836]
episode;110;7;0.09990909090909092;56.784570932388306;-5.470084187782264;[15.94516286 -6.59372334];[18. -7.];1.4009115623332649;-0.39627722664679643;[0.04985336 0.95014664];[ 3.0553308 -0.6937164]
episode;112;2;0.0998909090909091;58.847904205322266;7.696514651139402;[17.64 -1.98];[18. -2.];2.5102410176175862;3.6263381730715545;[0.49319647 0.50680353];[ 3.024959   -0.83343995]
episode;114;2;0.09987272727272728;58.866963148117065;2.375899960173795;[17.64 -1.98];[18. -2.];0.0;1.129477843572688;[0.22201325 0.77798675];[ 3.032031   -0.82780313]
episode;116;2;0.09985454545454546;60.916942834854126;8.091284330296078;[17.64 -1.98];[18. -2.];2.6332942455154433;3.754749993257583;[0.51331724 0.48668276];[ 3.100863  -1.0641794]
episode;122;6;0.0998;63.01726198196411;-4.641742290132101;[16.27057434 -5.70788096];[18. -6.];0.7598801226714368;-0.6211368150643944;[0.04850835 0.95149165];[ 3.0316489  -0.93953514]
episode;124;2;0.0997818181818182;65.07452201843262;-1.086754487875079;[17.64 -1.98];[18. -2.];2.5643639359409196;-0.3460180358535743;[0.04552729 0.95447271];[ 2.9267457  -0.72464633]
episode;126;2;0.09976363636363637;65.09400415420532;-1.9224803633390333;[17.64 -1.98];[18. -2.];0.0;-0.4819045960866648;[0.00293168 0.99706832];[ 2.9269948  -0.72387254]
episode;128;2;0.09974545454545455;67.14579319953918;4.588505484112604;[17.64 -1.98];[18. -2.];2.479268162735615;2.432982032194719;[0.33478621 0.66521379];[ 2.8915005  -0.85613704]
episode;138;10;0.09965454545454547;71.32997512817383;-9.047722315080053;[15.00745972 -9.14635966];[ 18. -10.];0.908842535987031;-0.8297473222911058;[0.00408372 0.99591628];[ 2.8903947 -0.9531289]
episode;140;2;0.09963636363636363;73.37239408493042;3.05242204805215;[17.64 -1.98];[18. -2.];2.5233768004908437;1.4954846702793818;[0.2564945 0.7435055];[ 2.854835 -1.146589]
episode;142;2;0.09961818181818183;73.39193606376648;8.482742894557802;[17.64 -1.98];[18. -2.];0.0;4.232011376211789;[0.53326926 0.46673074];[ 2.8465111 -1.1522527]
episode;146;4;0.09958181818181819;75.46157097816467;13.374421214766775;[16.941456 -3.881592];[18. -4.];1.156909811716185;7.1078443875031185;[0.82869776 0.17130224];[ 2.6433783 -1.0308958]
episode;148;2;0.09956363636363637;77.52186703681946;0.24040893788259332;[17.64 -1.98];[18. -2.];2.5272944812849722;0.26420951340498555;[0.11317069 0.88682931];[ 2.604019  -0.8389533]
episode;150;2;0.09954545454545455;77.5607659816742;14.26467781799383;[17.64 -1.98];[18. -2.];0.0;7.221337407849541;[0.82796523 0.17203477];[ 2.5878758  -0.85299754]
episode;152;2;0.09952727272727273;79.64051485061646;5.147470986938661;[17.64 -1.98];[18. -2.];1.6008920905125492;2.8195938037137447;[0.36327579 0.63672421];[ 2.6451387  -0.94311726]
episode;154;2;0.09950909090909091;79.65996408462524;6.479719408461314;[17.64 -1.98];[18. -2.];0.0;3.471774931953202;[0.43117836 0.56882164];[ 2.6432068  -0.94421554]
episode;156;2;0.0994909090909091;81.7175669670105;16.865276263695797;[17.64 -1.98];[18. -2.];1.9267125701641334;9.202089223942448;[0.96051357 0.03948643];[ 2.8672905 -1.1050655]
episode;159;3;0.09946363636363637;81.74142694473267;7.364778499305199;[17.2872 -2.9404];[18. -3.];0.0;4.605954559329004;[0.50946126 0.49053874];[ 2.8748176 -1.095284 ]
episode;161;2;0.09944545454545455;83.80809307098389;9.052890128640279;[17.64 -1.98];[18. -2.];1.8234186575693243;6.1501279201301235;[0.56232875 0.43767125];[ 3.2587886 -1.1543107]
episode;163;2;0.09942727272727274;83.82761096954346;-0.9335709856045703;[17.64 -1.98];[18. -2.];0.0;-0.40724325538287537;[0.05333481 0.94666519];[ 3.2660413 -1.1421092]
episode;165;2;0.09940909090909092;85.8931930065155;5.60326884667635;[17.64 -1.98];[18. -2.];1.5351285398663843;4.912537995898793;[0.38650708 0.61349292];[ 3.863574  -1.2246552]
episode;167;2;0.0993909090909091;85.91248393058777;14.782613610665308;[17.64 -1.98];[18. -2.];0.0;12.021947774894723;[0.85436359 0.14563641];[ 3.8598316 -1.2388519]
episode;169;2;0.09937272727272728;87.99311900138855;10.92470712287833;[17.64 -1.98];[18. -2.];1.470785930971889;10.922828805253502;[0.65773227 0.34226773];[ 4.797973  -1.6062903]
episode;172;3;0.09934545454545456;90.07289505004883;5.514209918825221;[17.2872 -2.9404];[18. -3.];1.28497702637733;6.537106920082752;[0.41797395 0.58202605];[ 5.5515795 -1.7740309]
episode;174;2;0.09932727272727274;90.08803606033325;-0.47490957659557753;[17.64 -1.98];[18. -2.];0.0;-0.18176729030970107;[0.07671205 0.92328795];[ 5.548457  -1.7589912]
episode;176;2;0.09930909090909092;92.16365194320679;13.632612641199596;[17.64 -1.98];[18. -2.];2.0139942048665356;14.441241761942821;[0.79574988 0.20425012];[ 5.819105  -1.7202427]
episode;178;2;0.0992909090909091;92.18331980705261;-1.4366251836989496;[17.64 -1.98];[18. -2.];0.0;-1.0095245246620097;[0.02769494 0.97230506];[ 5.81496   -1.6885414]
episode;180;2;0.09927272727272728;94.2387969493866;5.977100689563422;[17.64 -1.98];[18. -2.];2.044091085300726;6.466592172149505;[0.40556069 0.59443931];[ 5.818529  -1.5639561]
episode;182;2;0.09925454545454546;94.25839185714722;8.412697046594726;[17.64 -1.98];[18. -2.];0.0;8.684650399141344;[0.52969914 0.47030086];[ 5.8181953 -1.5688668]
episode;185;3;0.09922727272727273;96.35603499412537;8.152752267941011;[17.2872 -2.9404];[18. -3.];1.1803687956987643;8.408333588062073;[0.54841663 0.45158337];[ 5.671843  -1.5647314]
episode;187;2;0.09920909090909091;96.37571787834167;-0.015329659317117938;[17.64 -1.98];[18. -2.];0.0;0.32259738312045316;[0.1001361 0.8998639];[ 5.6678348 -1.5479593]
episode;189;2;0.0991909090909091;98.46506190299988;5.196219652445421;[17.64 -1.98];[18. -2.];1.5468938043751919;4.068563485582013;[0.36576043 0.63423957];[ 5.3762083 -1.6038847]
episode;191;2;0.09917272727272727;98.4852249622345;3.1788107284847733;[17.64 -1.98];[18. -2.];0.0;2.4654546298937197;[0.26293633 0.73706367];[ 5.374091  -1.6000433]
episode;193;2;0.09915454545454547;100.56596207618713;11.812392785836336;[17.64 -1.98];[18. -2.];1.5553682783947271;8.303269990594528;[0.70297619 0.29702381];[ 5.16319   -1.3404164]
episode;195;2;0.09913636363636365;100.58556985855103;0.47742133059929803;[17.64 -1.98];[18. -2.];0.0;0.4611739014842856;[0.12525083 0.87474917];[ 5.155868 -1.320949]
episode;197;2;0.09911818181818183;102.6859381198883;-1.8094190756370636;[17.64 -1.98];[18. -2.];1.5224349880043198;-1.2361335073992523;[0.00869424 0.99130576];[ 5.4319196 -1.4835563]
episode;199;2;0.09910000000000001;102.7073769569397;-0.3347292965064941;[17.64 -1.98];[18. -2.];0.0;-0.26418847510113697;[0.08385681 0.91614319];[ 5.4316306 -1.4835736]
logs;200;1;0.09909090909090909;104.7936761379242;-0.7599533842756184;[ 702. -100.];3.0519385208540104;1.7556030588219356;nan;[0.24004662 0.75995338];0
episode;201;2;0.09908181818181819;104.8039379119873;2.7297146005123665;[17.64 -1.98];[18. -2.];1.5259692604270052;1.7555688799612015;[0.24004662 0.75995338];[ 6.1178975 -1.5874598]
episode;203;2;0.09906363636363637;104.83504295349121;9.455145774564125;[17.64 -1.98];[18. -2.];0.0;6.249271845491577;[0.58283108 0.41716892];[ 6.1152    -1.5921042]
episode;205;2;0.09904545454545455;106.92504501342773;11.488724832774876;[17.64 -1.98];[18. -2.];1.4717640489997232;8.21068537824327;[0.68647935 0.31352065];[ 7.1212006 -1.5456644]
episode;207;2;0.09902727272727273;106.94450998306274;9.716120126598446;[17.64 -1.98];[18. -2.];0.0;6.964496653672262;[0.59613252 0.40386748];[ 7.122546  -1.5444949]
episode;209;2;0.09900909090909091;109.04961395263672;15.66788005793159;[17.64 -1.98];[18. -2.];1.3383000612478047;12.561023960875605;[0.8994842 0.1005158];[ 8.568063  -1.4492624]
episode;211;2;0.0989909090909091;109.06957697868347;12.512931072699933;[17.64 -1.98];[18. -2.];0.0;10.137096493609622;[0.7386815 0.2613185];[ 8.573136  -1.4459357]
episode;213;2;0.09897272727272728;111.14976119995117;-1.2315249378747102;[17.64 -1.98];[18. -2.];1.3943255624788649;-0.6888191604338334;[0.03814858 0.96185142];[ 9.606037  -1.6913288]
episode;216;3;0.09894545454545454;113.28059816360474;9.329733696291338;[24.9704 -2.9404];[26. -3.];0.904930017961591;5.506347441141986;[0.43961956 0.56038044];[ 9.754264  -1.7972054]
episode;218;2;0.09892727272727274;113.29961109161377;2.918191689282229;[17.64 -1.98];[18. -2.];0.0;2.3060898575926596;[0.24965299 0.75034701];[ 9.757852  -1.8008801]
episode;221;3;0.0989;115.4101049900055;22.479968665538646;[24.9704 -2.9404];[26. -3.];1.0035639956739604;11.71809191159195;[0.91077177 0.08922823];[ 9.351898  -1.9209105]
episode;223;2;0.09888181818181818;115.42907190322876;12.962165956487327;[17.64 -1.98];[18. -2.];0.0;9.198744916932764;[0.76157829 0.23842171];[ 9.3578   -1.923542]
episode;225;2;0.09886363636363638;117.51166296005249;6.7110636977961615;[17.64 -1.98];[18. -2.];1.611435277716202;4.787667005109231;[0.44296961 0.55703039];[ 9.687573  -1.6002674]
episode;227;2;0.09884545454545454;117.53080606460571;-1.7219855912548885;[17.64 -1.98];[18. -2.];0.0;-1.2548232326727664;[0.01315058 0.98684942];[ 9.701616  -1.6121378]
episode;230;3;0.09881818181818182;119.64034700393677;0.6921396034693701;[17.2872 -2.9404];[18. -3.];1.1225195284567626;1.5290603480084115;[0.17958332 0.82041668];[10.914021 -1.388171]
episode;232;2;0.09880000000000001;121.72615623474121;11.127563944713302;[17.64 -1.98];[18. -2.];1.542392369140597;9.496119042695918;[0.66807156 0.33192844];[12.67932   -1.1000401]
episode;235;3;0.09877272727272728;121.74997401237488;1.224745813970085;[17.2872 -2.9404];[18. -3.];0.0;2.648767903360731;[0.20591399 0.79408601];[12.699753  -1.1059284]
episode;240;5;0.09872727272727273;125.94215512275696;-4.508237688038306;[16.60262688 -4.80396016];[18. -5.];1.3020664301865241;-0.7648125414624538;[0.01381455 0.98618545];[12.274351 -1.517525]
episode;242;2;0.09870909090909091;125.96179604530334;12.43964823062339;[17.64 -1.98];[18. -2.];0.0;10.478961050915736;[0.73494639 0.26505361];[12.254631  -1.4975929]
episode;244;2;0.09869090909090909;128.05470490455627;5.90668000416011;[17.64 -1.98];[18. -2.];1.3871007167241152;4.772689068210668;[0.40197146 0.59802854];[11.0466385 -1.6696032]
episode;246;2;0.09867272727272729;128.0739688873291;4.755982445717185;[17.64 -1.98];[18. -2.];0.0;3.5199459672296527;[0.34332224 0.65667776];[11.047674  -1.6712618]
episode;248;2;0.09865454545454545;130.16616988182068;-1.5462758187992278;[17.64 -1.98];[18. -2.];1.674615767400931;-1.2207401398736408;[0.02210623 0.97789377];[ 9.41828   -1.5557432]
episode;250;2;0.09863636363636365;130.18567299842834;7.125542303098746;[17.64 -1.98];[18. -2.];0.0;4.427228508682369;[0.46409492 0.53590508];[ 9.404109  -1.5425091]
episode;254;4;0.09860000000000001;132.27813506126404;3.018447208085134;[16.941456 -3.881592];[18. -4.];0.9046751307871412;2.8055990294555526;[0.33136548 0.66863452];[ 9.562845 -1.467067]
episode;256;2;0.09858181818181819;134.36623811721802;0.5750762761651114;[17.64 -1.98];[18. -2.];1.7965728895848287;0.3601257260519062;[0.13022815 0.86977185];[10.294051  -1.3655796]
episode;258;2;0.09856363636363637;134.38111186027527;-1.8977900628182314;[17.64 -1.98];[18. -2.];0.0;-1.2270642645476957;[0.00419011 0.99580989];[10.299597 -1.370125]
episode;262;4;0.09852727272727273;136.48548698425293;15.140908994322398;[16.941456 -3.881592];[18. -4.];0.8117420493132051;12.005101926377112;[0.91353105 0.08646895];[11.574489  -1.1790314]
episode;264;2;0.09850909090909092;138.58857417106628;4.396886224494361;[17.64 -1.98];[18. -2.];1.5055615969878786;4.209472516514489;[0.32501969 0.67498031];[13.458157   -0.96069694]
episode;266;2;0.09849090909090909;138.603600025177;13.128703645467331;[17.64 -1.98];[18. -2.];0.0;11.976274445427373;[0.77006644 0.22993356];[13.440506  -0.9499054]
episode;268;2;0.09847272727272728;140.68716979026794;8.388382370364493;[17.64 -1.98];[18. -2.];1.6701232624404572;8.063415551730017;[0.52845986 0.47154014];[13.821005  -1.2375652]
episode;270;2;0.09845454545454546;140.706552028656;2.9920384783279843;[17.64 -1.98];[18. -2.];0.0;3.3973212859962327;[0.25341684 0.74658316];[13.831867 -1.244967]
episode;272;2;0.09843636363636364;142.780189037323;1.524019256720176;[17.64 -1.98];[18. -2.];1.6077878361239153;1.8989551545970185;[0.17859425 0.82140575];[13.404328  -1.6136442]
episode;275;3;0.09840909090909092;142.8043019771576;8.632640694235073;[17.2872 -2.9404];[18. -3.];0.0;8.400845994394054;[0.57214107 0.42785893];[13.390104  -1.6030772]
episode;277;2;0.09839090909090908;144.90969705581665;7.81288738575358;[17.64 -1.98];[18. -2.];1.4739459875751943;6.331533611976432;[0.4991278 0.5008722];[12.128877  -1.7875334]
episode;279;2;0.09837272727272728;144.92872619628906;9.356423403695976;[17.64 -1.98];[18. -2.];0.0;7.584820463065635;[0.57779936 0.42220064];[12.12537   -1.7850523]
episode;281;2;0.09835454545454546;147.02031016349792;16.54017908460075;[17.64 -1.98];[18. -2.];1.429033783976646;11.977528518264354;[0.94394389 0.05605611];[10.724565  -1.4853814]
episode;283;2;0.09833636363636364;147.03990507125854;17.318964081338166;[17.64 -1.98];[18. -2.];0.0;12.535981481177048;[0.98363731 0.01636269];[10.725127  -1.4844692]
episode;285;2;0.09831818181818183;149.1497130393982;-1.7919026696836156;[17.64 -1.98];[18. -2.];1.4787565703120302;-1.3141037552092358;[0.00958702 0.99041298];[ 8.987373  -1.5288892]
episode;287;2;0.0983;149.16924500465393;6.330162995043927;[17.64 -1.98];[18. -2.];0.0;3.764185273593303;[0.42355571 0.57644429];[ 8.970343  -1.5180411]
episode;289;2;0.09828181818181819;151.27147698402405;2.4646764683677755;[17.64 -1.98];[18. -2.];1.5492124814978416;1.341022414647158;[0.22653805 0.77346195];[ 9.057582  -1.5669022]
episode;291;2;0.09826363636363636;151.29132294654846;11.878478399362317;[17.64 -1.98];[18. -2.];0.0;7.2622265984812735;[0.70634446 0.29365554];[ 9.038679  -1.5520879]
episode;293;2;0.09824545454545455;153.37056303024292;5.24771975828398;[17.64 -1.98];[18. -2.];1.7638355414657032;3.3879640781927387;[0.36838531 0.63161469];[ 9.591946  -1.5051357]
episode;295;2;0.09822727272727273;153.38993906974792;10.473411591745858;[17.64 -1.98];[18. -2.];0.0;6.807769178309427;[0.63473046 0.36526954];[ 9.580271 -1.496279]
episode;297;2;0.09820909090909091;155.50949001312256;1.2152259627846485;[17.64 -1.98];[18. -2.];1.7484505760538227;1.0917622753889873;[0.16285555 0.83714445];[10.697649 -1.42094 ]
episode;299;2;0.0981909090909091;155.5286569595337;2.9209763079816478;[17.64 -1.98];[18. -2.];0.0;2.3040133907713463;[0.24979492 0.75020508];[10.694052  -1.4182551]
logs;300;1;0.09818181818181819;157.62327194213867;-0.43914469449248794;[ 808. -100.];3.10710429509773;7.858339175802755;nan;[0.56085531 0.43914469];0
episode;301;2;0.09817272727272727;157.6337628364563;9.023981094057383;[17.64 -1.98];[18. -2.];1.553552147548865;7.856355338382846;[0.56085531 0.43914469];[12.399523  -1.2495103]
episode;303;2;0.09815454545454547;157.65318989753723;2.2903492788950777;[17.64 -1.98];[18. -2.];0.0;2.50959215061662;[0.21765287 0.78234713];[12.4175    -1.2617211]
episode;305;2;0.09813636363636363;159.74466800689697;12.28295828854708;[17.64 -1.98];[18. -2.];0.8170391631257885;11.173750940318786;[0.72696016 0.27303984];[13.446426  -1.6683471]
episode;307;2;0.09811818181818183;159.7637882232666;11.13250390231485;[17.64 -1.98];[18. -2.];0.0;10.168500323307233;[0.66832334 0.33167666];[13.449166  -1.6705011]
episode;309;2;0.0981;161.8644859790802;12.271574850281738;[17.64 -1.98];[18. -2.];1.0075383034041698;13.30200936680836;[0.72637996 0.27362004];[16.179121  -1.9693667]
episode;311;2;0.09808181818181819;161.88390684127808;7.008772323140053;[17.64 -1.98];[18. -2.];0.0;7.8421853980635365;[0.45814334 0.54185666];[16.193356  -1.9790877]
episode;313;2;0.09806363636363638;163.98299098014832;1.5802773985636678;[17.64 -1.98];[18. -2.];0.9512552273843218;2.1472880357800097;[0.18146164 0.81853836];[16.237885  -2.0651891]
episode;315;2;0.09804545454545455;164.00300812721252;12.351345275702366;[17.64 -1.98];[18. -2.];0.0;13.388149482727822;[0.73044573 0.26955427];[16.20918   -2.0486069]
episode;317;2;0.09802727272727274;166.08836197853088;-0.6930093471192298;[17.64 -1.98];[18. -2.];0.7966939230613849;-0.3248667091936319;[0.06559585 0.93440415];[15.360857  -2.0736067]
episode;319;2;0.0980090909090909;166.10796093940735;8.994207032280448;[17.64 -1.98];[18. -2.];0.0;9.326379328274726;[0.55933777 0.44066223];[15.336864  -2.0607908]
episode;321;2;0.0979909090909091;168.22732400894165;2.598752357721403;[17.64 -1.98];[18. -2.];0.7891437162590378;2.439145084834758;[0.23337168 0.76662832];[13.858608  -2.1587713]
episode;323;2;0.09797272727272728;168.24682879447937;17.273817770404293;[17.64 -1.98];[18. -2.];0.0;15.915594250357575;[0.98133628 0.01866372];[13.828243  -2.1375022]
episode;326;3;0.09794545454545454;170.33514499664307;10.638478283412415;[17.2872 -2.9404];[18. -3.];0.6862464370388611;10.857071237328816;[0.67130447 0.32869553];[14.629473  -2.0991938]
episode;328;2;0.09792727272727274;172.4096441268921;11.49785866274435;[17.64 -1.98];[18. -2.];0.9721347449676079;10.616588977712093;[0.68694489 0.31305511];[13.40734  -2.133933]
episode;330;2;0.09790909090909092;172.42913103103638;13.466952811179036;[17.64 -1.98];[18. -2.];0.0;11.832622085703429;[0.78730646 0.21269354];[13.403849 -2.131338]
episode;332;2;0.0978909090909091;174.5222191810608;14.591283797589563;[17.64 -1.98];[18. -2.];1.2160108051098444;13.068391355212963;[0.84461181 0.15538819];[13.925196  -1.8440285]
episode;334;2;0.09787272727272728;174.5417160987854;1.0349897210302694;[17.64 -1.98];[18. -2.];0.0;1.1021970891862627;[0.1536692 0.8463308];[13.95222   -1.8616017]
episode;336;2;0.09785454545454546;176.63031196594238;3.0305041066740106;[17.64 -1.98];[18. -2.];1.0191812847247894;3.196311714308667;[0.25537738 0.74462262];[15.4224    -1.6343932]
episode;338;2;0.09783636363636365;176.6495509147644;5.544206496660555;[17.64 -1.98];[18. -2.];0.0;5.920126985791777;[0.38349676 0.61650324];[15.417169  -1.6316338]
episode;340;2;0.09781818181818182;178.73879885673523;13.502693289307174;[17.64 -1.98];[18. -2.];0.9330819826573133;13.21207522362474;[0.7891281 0.2108719];[14.510054  -1.5967951]
episode;345;5;0.09777272727272728;180.84092092514038;13.214194138868898;[16.60262688 -4.80396016];[18. -5.];0.40159103173543426;13.71566088734538;[0.84171074 0.15828926];[14.561741  -2.1018634]
episode;347;2;0.09775454545454546;180.860435962677;16.000715368529907;[17.64 -1.98];[18. -2.];0.0;14.99258886702367;[0.91644829 0.08355171];[14.558214  -2.0995438]
episode;349;2;0.09773636363636365;182.94703698158264;14.26122090565613;[17.64 -1.98];[18. -2.];1.0948624127708815;13.403281942551875;[0.82778904 0.17221096];[14.5720215 -1.6993636]
episode;353;4;0.09770000000000001;185.09681105613708;9.860807888919982;[16.941456 -3.881592];[18. -4.];0.5237247361527646;10.791802548809008;[0.65996101 0.34003899];[15.96352   -2.0598292]
episode;355;2;0.09768181818181819;185.1160750389099;10.38033873297916;[17.64 -1.98];[18. -2.];0.0;10.58908630483123;[0.62998668 0.37001332];[15.965487 -2.060339]
episode;357;2;0.09766363636363637;187.23739409446716;10.829596736255203;[17.64 -1.98];[18. -2.];0.9654588918475544;10.220329721006125;[0.65288465 0.34711535];[14.888767  -2.0786467]
episode;359;2;0.09764545454545455;187.25677704811096;1.1862565568121397;[17.64 -1.98];[18. -2.];0.0;1.1696136714000382;[0.16137903 0.83862097];[14.912628  -2.0872798]
episode;361;2;0.09762727272727273;189.34919095039368;14.372144153801347;[17.64 -1.98];[18. -2.];1.0231996792204239;12.018518437403294;[0.83344262 0.16655738];[13.260782  -2.0706048]
episode;364;3;0.0976;191.44218611717224;15.996084448545872;[17.2872 -2.9404];[18. -3.];0.8953839881601287;13.797335113914727;[0.9361706 0.0638294];[13.509475  -1.7998226]
episode;366;2;0.09758181818181819;191.4612739086151;15.047768636333839;[17.64 -1.98];[18. -2.];0.0;12.816247106416137;[0.86787812 0.13212188];[13.513168  -1.8018397]
episode;369;3;0.09755454545454546;193.5488040447235;13.076850261126049;[17.2872 -2.9404];[18. -3.];0.7825481593608856;12.218316352153002;[0.79185125 0.20814875];[14.69545   -1.6073128]
episode;371;2;0.09753636363636364;193.5693027973175;16.65230070917557;[17.64 -1.98];[18. -2.];0.0;15.310756262191571;[0.94965855 0.05034145];[14.6871395 -1.602823 ]
episode;373;2;0.09751818181818182;195.6829788684845;9.204984597311473;[17.64 -1.98];[18. -2.];1.0248235121150227;10.003569256508403;[0.57008076 0.42991924];[16.751074  -1.3895307]
episode;375;2;0.0975;195.702241897583;4.00572526115069;[17.64 -1.98];[18. -2.];0.0;4.881783783378522;[0.30508284 0.69491716];[16.761305  -1.3963473]
episode;377;2;0.09748181818181818;197.81179404258728;4.016210335791337;[17.64 -1.98];[18. -2.];0.9768696472267894;4.785761357995199;[0.30561724 0.69438276];[16.127476  -1.2339586]
episode;379;2;0.09746363636363636;197.8305470943451;15.658742039595774;[17.64 -1.98];[18. -2.];0.0;15.728999335525131;[0.89901845 0.10098155];[16.104033  -1.2172275]
episode;381;2;0.09744545454545456;199.9335720539093;2.6354774370454663;[17.64 -1.98];[18. -2.];0.9234245057929965;3.0298354681530153;[0.2352435 0.7647565];[15.649821  -1.6024034]
episode;383;2;0.09742727272727274;199.95314812660217;0.48904201222422183;[17.64 -1.98];[18. -2.];0.0;1.0184283548564688;[0.12584312 0.87415688];[15.65226   -1.6053474]
episode;386;3;0.0974;202.06617712974548;-1.9434840374051796;[24.9704 -2.9404];[26. -3.];0.61120983819459;-0.9356670677743891;[0.03571793 0.96428207];[14.072819  -1.7841394]
episode;388;2;0.0973818181818182;204.15959215164185;14.761952491600233;[17.64 -1.98];[18. -2.];1.296521841603167;13.244458587970524;[0.85331052 0.14668948];[14.862572  -1.8288207]
episode;390;2;0.09736363636363637;204.17839193344116;7.820064140632743;[17.64 -1.98];[18. -2.];0.0;7.304977625646352;[0.49949359 0.50050641];[14.871766  -1.8421242]
episode;393;3;0.09733636363636364;206.2784059047699;1.0789745975044185;[17.2872 -2.9404];[18. -3.];0.8341248230460812;2.2272994861592585;[0.19870744 0.80129256];[16.351112  -1.7645094]
episode;395;2;0.09731818181818182;206.29752206802368;-0.35651760228854545;[17.64 -1.98];[18. -2.];0.0;0.13930292618272566;[0.0827463 0.9172537];[16.351841  -1.7678804]
episode;397;2;0.09730000000000001;208.39994406700134;16.146371118159376;[17.64 -1.98];[18. -2.];1.1317814212730701;15.291620197841741;[0.92387213 0.07612787];[15.334963  -1.7715471]
episode;399;2;0.09728181818181819;208.41901183128357;3.2600273528224744;[17.64 -1.98];[18. -2.];0.0;3.349603466456788;[0.26707581 0.73292419];[15.347916  -1.7951734]
logs;400;1;0.09727272727272727;210.50663781166077;-0.38296895299114236;[ 818. -100.];2.4023821820669315;10.51644766771336;nan;[0.61703105 0.38296895];0
episode;401;2;0.09726363636363637;210.51705598831177;10.126149142313785;[17.64 -1.98];[18. -2.];1.2011910910334658;10.509278589983321;[0.61703105 0.38296895];[16.278982  -1.4009398]
episode;404;3;0.09723636363636363;212.6246099472046;5.353274576470218;[17.2872 -2.9404];[18. -3.];0.644990500135749;6.444317172378779;[0.41001773 0.58998227];[15.046083 -1.383399]
episode;406;2;0.09721818181818183;212.64402222633362;14.498294820202338;[17.64 -1.98];[18. -2.];0.0;13.611741294516968;[0.83987231 0.16012769];[15.041235  -1.3675677]
episode;408;2;0.09720000000000001;214.75672006607056;7.66580789388769;[17.64 -1.98];[18. -2.];1.1617340967059135;7.489572008230017;[0.49163139 0.50836861];[14.77942  -1.299558]
episode;410;2;0.09718181818181819;214.7760112285614;0.26154322774194494;[17.64 -1.98];[18. -2.];0.0;0.9697983498488695;[0.11424787 0.88575213];[14.778069  -1.3127905]
episode;412;2;0.09716363636363637;216.87725615501404;8.769174980380765;[17.64 -1.98];[18. -2.];1.2074035867391264;8.086817533822414;[0.54786825 0.45213175];[13.967308  -1.7048764]
episode;417;5;0.09711818181818183;218.99734902381897;12.47271996232791;[23.98157216 -4.80396016];[26. -5.];0.5350961296873934;8.89924012291206;[0.60018623 0.39981377];[15.016577  -1.8478523]
episode;419;2;0.0971;219.01678800582886;11.289708090271818;[17.64 -1.98];[18. -2.];0.0;10.626476676492429;[0.67633578 0.32366422];[15.016076  -1.8450975]
episode;421;2;0.09708181818181819;221.1118621826172;0.3114513508920205;[17.64 -1.98];[18. -2.];1.2058099565260552;0.8156106948174408;[0.11679161 0.88320839];[16.768534  -1.8532454]
episode;423;2;0.09706363636363637;221.13091707229614;13.781090545512372;[17.64 -1.98];[18. -2.];0.0;14.42543941271837;[0.80331756 0.19668244];[16.769636  -1.8298422]
episode;425;2;0.09704545454545455;223.23763704299927;-1.414161829974994;[17.64 -1.98];[18. -2.];1.0989361392224537;-0.9196434809177205;[0.02883987 0.97116013];[15.906437  -1.8015912]
episode;427;2;0.09702727272727273;223.25716590881348;3.1362018312407516;[17.64 -1.98];[18. -2.];0.0;3.4696691764562395;[0.26076462 0.73923538];[15.908937  -1.7936785]
episode;429;2;0.09700909090909092;225.36889719963074;13.722900020169739;[17.64 -1.98];[18. -2.];1.040009617805481;12.39392966866875;[0.80035168 0.19964832];[14.406455 -1.813085]
episode;431;2;0.0969909090909091;225.38819313049316;16.270368461374005;[17.64 -1.98];[18. -2.];0.0;14.65201978919366;[0.93019207 0.06980793];[14.405632  -1.8086661]
episode;433;2;0.09697272727272728;227.51058316230774;14.283877836462384;[17.64 -1.98];[18. -2.];1.3966718814609682;13.683955760746974;[0.82894382 0.17105618];[15.281407  -1.7426246]
episode;435;2;0.09695454545454546;227.5299379825592;-0.8516292979284723;[17.64 -1.98];[18. -2.];0.0;-0.39872282935979037;[0.05751125 0.94248875];[15.275217  -1.7682652]
episode;437;2;0.09693636363636364;229.62110590934753;8.528856141750435;[17.64 -1.98];[18. -2.];1.1989363445078625;9.378362780817085;[0.53561958 0.46438042];[16.900616  -1.5798502]
episode;439;2;0.09691818181818182;229.6407949924469;-0.2796475721856819;[17.64 -1.98];[18. -2.];0.0;0.5119385367200889;[0.08666424 0.91333576];[16.894024  -1.5948746]
episode;441;2;0.0969;231.73894000053406;-0.19753995517597134;[17.64 -1.98];[18. -2.];1.0460436866783045;0.5511935008468124;[0.09084914 0.90915086];[15.929466 -1.523129]
episode;443;2;0.0968818181818182;231.7580771446228;9.325018395800502;[17.64 -1.98];[18. -2.];0.0;9.628306688991719;[0.57619869 0.42380131];[15.93927 -1.50704]
episode;445;2;0.09686363636363636;233.85863995552063;10.236226439776598;[17.64 -1.98];[18. -2.];1.0835077697959017;9.445060000238666;[0.62264151 0.37735849];[14.37342   -1.5410799]
episode;447;2;0.09684545454545455;233.87789916992188;8.114448473043586;[17.64 -1.98];[18. -2.];0.0;7.590503842630824;[0.51449788 0.48550212];[14.371319  -1.5443091]
episode;449;2;0.09682727272727273;235.9676308631897;9.057265904872523;[17.64 -1.98];[18. -2.];1.2450287475743715;8.030068164892246;[0.56255178 0.43744822];[13.814406  -1.6423175]
episode;451;2;0.09680909090909091;236.01013898849487;15.883334429350535;[17.64 -1.98];[18. -2.];0.0;13.834049531061499;[0.91046557 0.08953443];[13.822416  -1.6304121]
episode;453;2;0.0967909090909091;238.13204097747803;8.643274126233079;[17.64 -1.98];[18. -2.];1.381135904613663;8.229848293372452;[0.54145128 0.45854872];[14.743713  -1.6519521]
episode;455;2;0.09677272727272727;238.1514048576355;7.361228378285468;[17.64 -1.98];[18. -2.];0.0;7.0775028849850905;[0.47610746 0.52389254];[14.741704  -1.6539166]
episode;457;2;0.09675454545454547;240.25296998023987;11.194799508141221;[17.64 -1.98];[18. -2.];1.207507652175777;11.800598446166434;[0.67149845 0.32850155];[16.512276  -1.6534855]
episode;459;2;0.09673636363636363;240.27234482765198;8.510382365524542;[17.64 -1.98];[18. -2.];0.0;9.141983032692;[0.534678 0.465322];[16.50684   -1.6576219]
episode;461;2;0.09671818181818183;242.37671995162964;0.9207209365001627;[17.64 -1.98];[18. -2.];1.0513203464010183;1.5013795012986346;[0.1478451 0.8521549];[15.636385 -1.649792]
episode;463;2;0.09670000000000001;242.39574790000916;1.3251224367470174;[17.64 -1.98];[18. -2.];0.0;1.8831784703421224;[0.1684568 0.8315432];[15.637447  -1.6491462]
episode;465;2;0.09668181818181819;244.4950611591339;8.32519138866218;[17.64 -1.98];[18. -2.];0.9961937455569997;7.624324577368927;[0.52523911 0.47476089];[14.195298  -1.7218934]
episode;467;2;0.09666363636363637;244.51436805725098;11.720201590995389;[17.64 -1.98];[18. -2.];0.0;10.590031580462433;[0.69827735 0.30172265];[14.204459  -1.7166508]
episode;469;2;0.09664545454545455;246.63269591331482;9.606879276470806;[17.64 -1.98];[18. -2.];1.1754796456764727;8.863979776824948;[0.59056469 0.40943531];[14.762381  -2.2212906]
episode;472;3;0.09661818181818183;248.74402117729187;9.892381847578966;[24.9704 -2.9404];[26. -3.];0.8897998083163711;6.708622037306458;[0.45977836 0.54022164];[16.26717   -2.4392123]
episode;475;3;0.0965909090909091;248.76340103149414;18.538372632538653;[24.9704 -2.9404];[26. -3.];0.0;13.30623508893811;[0.76955059 0.23044941];[16.284512  -2.4319236]
episode;477;2;0.09657272727272727;250.86714887619019;0.2004250947739168;[17.64 -1.98];[18. -2.];1.2073154804461144;0.36814534569404056;[0.11113278 0.88886722];[15.550983  -2.1720283]
episode;482;5;0.09652727272727274;252.9837510585785;18.83016844519809;[23.98157216 -4.80396016];[26. -5.];0.5369932374533485;14.678584145117828;[0.82104192 0.17895808];[17.150888  -2.0319796]
episode;484;2;0.0965090909090909;255.0900580883026;-0.7765520843777176;[17.64 -1.98];[18. -2.];1.1171862174044638;-0.267021097932141;[0.06133781 0.93866219];[16.052187  -1.9551619]
episode;486;2;0.0964909090909091;255.1091160774231;10.855771344561942;[17.64 -1.98];[18. -2.];0.0;11.111153268870792;[0.65421872 0.34578128];[16.100845  -1.9469525]
episode;488;2;0.09647272727272728;257.23925590515137;1.6798413700343418;[17.64 -1.98];[18. -2.];1.06461879085092;1.9446112643666267;[0.18653626 0.81346374];[14.427045  -1.9458947]
episode;490;2;0.09645454545454546;257.2587401866913;-1.8303903676562878;[17.64 -1.98];[18. -2.];0.0;-1.371809599446744;[0.00762536 0.99237464];[14.413038  -1.9484009]
episode;492;2;0.09643636363636364;259.36823987960815;14.559921409900747;[17.64 -1.98];[18. -2.];1.2633074392728947;13.648010702379171;[0.84301332 0.15698668];[15.286953  -1.9352446]
episode;494;2;0.09641818181818182;259.3834869861603;14.303617166291964;[17.64 -1.98];[18. -2.];0.0;13.773353318537232;[0.82994991 0.17005009];[15.286005  -1.9354442]
episode;496;2;0.09640000000000001;261.48616099357605;17.11658688790841;[17.64 -1.98];[18. -2.];1.2529852881151087;17.21192451425094;[0.97332247 0.02667753];[16.842928  -1.8311439]
episode;498;2;0.09638181818181818;261.50546503067017;5.006761515291355;[17.64 -1.98];[18. -2.];0.0;5.7793914033034675;[0.35610405 0.64389595];[16.790834 -1.839307]
episode;500;2;0.09636363636363637;263.62643218040466;10.469230297259243;[17.64 -1.98];[18. -2.];1.1028918812380117;10.954461000733593;[0.63451734 0.36548266];[15.778719  -1.7715445]
logs;500;2;0.09636363636363637;263.6271481513977;10.690346888133782;[ 860. -100.];1.1028918812380117;10.954461000733593;nan;[0.63451734 0.36548266];0
episode;503;3;0.09633636363636365;263.64754486083984;-1.2180932563784366;[17.2872 -2.9404];[18. -3.];0.0;0.3657972614869331;[0.08514637 0.91485363];[15.728939  -1.7766969]
episode;505;2;0.09631818181818182;265.7375810146332;6.29463965659295;[17.64 -1.98];[18. -2.];1.1043644643881743;5.8613602230036665;[0.42174514 0.57825486];[14.159951  -1.8193493]
episode;507;2;0.09630000000000001;265.75257205963135;0.22846549623957646;[17.64 -1.98];[18. -2.];0.0;0.5815105336968109;[0.11256195 0.88743805];[14.132843  -1.8223422]
episode;509;2;0.09628181818181818;267.8647859096527;5.484053874512721;[17.64 -1.98];[18. -2.];1.2892777698443216;5.509142645827721;[0.38043088 0.61956912];[14.927206  -1.8058412]
episode;511;2;0.09626363636363637;267.8851327896118;9.684957925186179;[17.64 -1.98];[18. -2.];0.0;9.33488280411941;[0.59454424 0.40545576];[14.947634  -1.8040495]
episode;513;2;0.09624545454545455;270.00057005882263;1.9255035351783059;[17.64 -1.98];[18. -2.];1.1526193143252064;2.713386670631227;[0.19905726 0.80094274];[16.540154  -1.7880561]
episode;515;2;0.09622727272727273;270.01989698410034;14.829144054634334;[17.64 -1.98];[18. -2.];0.0;15.52756136512309;[0.85673517 0.14326483];[16.601831  -1.7805233]
episode;517;2;0.09620909090909092;272.13838505744934;17.293895706563788;[17.64 -1.98];[18. -2.];1.083943372044493;16.943461880816706;[0.98235962 0.01764038];[15.60584   -1.7471685]
episode;520;3;0.09618181818181819;274.2584500312805;11.245873142488723;[17.2872 -2.9404];[18. -3.];0.7248693463556907;11.33183097725319;[0.70133249 0.29866751];[14.006092  -1.8126279]
episode;522;2;0.09616363636363637;274.2773561477661;8.050077191813019;[17.64 -1.98];[18. -2.];0.0;7.32686317104335;[0.51121698 0.48878302];[13.988315  -1.8145244]
episode;525;3;0.09613636363636364;276.4247488975525;16.533226253337595;[17.2872 -2.9404];[18. -3.];0.8760756321397483;15.504198210426589;[0.9627255 0.0372745];[14.842726  -1.8132869]
episode;527;2;0.09611818181818182;276.43991208076477;0.21751167827608753;[17.64 -1.98];[18. -2.];0.0;0.7409464028023578;[0.11200365 0.88799635];[14.765852  -1.8223493]
episode;529;2;0.0961;278.5425958633423;12.202804819358523;[17.64 -1.98];[18. -2.];1.253699559280101;12.840333051030129;[0.72287486 0.27712514];[16.479425 -1.831357]
episode;531;2;0.0960818181818182;278.5620801448822;17.005292999332564;[17.64 -1.98];[18. -2.];0.0;17.594888906474097;[0.96765 0.03235];[16.50063   -1.8278326]
episode;533;2;0.09606363636363636;280.6550920009613;9.401491810890333;[17.64 -1.98];[18. -2.];1.0020052578081102;9.463592496354492;[0.58009642 0.41990358];[15.487667  -1.8190786]
episode;535;2;0.09604545454545456;280.6745591163635;15.892698510613021;[17.64 -1.98];[18. -2.];0.0;15.55064222718958;[0.91094284 0.08905716];[15.517623  -1.8150387]
episode;538;3;0.09601818181818182;282.7872269153595;14.619057413592303;[24.9704 -2.9404];[26. -3.];0.6911170340928376;9.382077706113671;[0.6291277 0.3708723];[14.064194  -1.9093778]
episode;540;2;0.096;284.89267110824585;6.1337886032336595;[17.64 -1.98];[18. -2.];1.29302629083395;5.851658487279122;[0.41354682 0.58645318];[14.847664  -1.9689633]
episode;542;2;0.0959818181818182;284.907692193985;3.239634121401635;[17.64 -1.98];[18. -2.];0.0;3.398853035505791;[0.2660364 0.7339636];[14.834507  -1.9700055]
episode;544;2;0.09596363636363636;287.02067589759827;6.154130447069922;[17.64 -1.98];[18. -2.];1.263942875625456;6.44100932722351;[0.41458361 0.58541639];[16.56477   -2.0124133]
episode;548;4;0.09592727272727272;289.1474211215973;7.834256222618578;[24.470992 -3.881592];[26. -4.];0.5309702955624637;6.7402490119871885;[0.41321977 0.58678023];[15.5773945 -1.9941881]
episode;550;2;0.09590909090909092;289.1626069545746;6.664463333436377;[17.64 -1.98];[18. -2.];0.0;6.881540396196183;[0.44059446 0.55940554];[15.579786  -1.9939954]
episode;554;4;0.09587272727272728;291.3049519062042;3.206879965970201;[16.941456 -3.881592];[18. -4.];0.5409240044434281;4.560284902174871;[0.34041472 0.65958528];[13.98138  -2.024359]
episode;556;2;0.09585454545454547;293.4225859642029;0.2831438378893445;[17.64 -1.98];[18. -2.];1.295781601439504;0.6331149534362819;[0.11534882 0.88465118];[14.778301 -2.007972]
episode;558;2;0.09583636363636364;293.44135999679565;0.8585152181589915;[17.64 -1.98];[18. -2.];0.0;1.2410635089254471;[0.14467458 0.85532542];[14.780617  -2.0078666]
episode;560;2;0.09581818181818183;295.5493230819702;3.8862642664174243;[17.64 -1.98];[18. -2.];1.2013738786472994;4.277749920554741;[0.2989941 0.7010059];[16.42846  -2.007733]
episode;563;3;0.09579090909090911;295.57307600975037;-0.8783989836088981;[17.2872 -2.9404];[18. -3.];0.0;0.7652701737726533;[0.10193997 0.89806003];[16.41342  -2.008881]
episode;565;2;0.09577272727272727;297.67964816093445;4.864912241846015;[17.64 -1.98];[18. -2.];1.0361614976735676;5.193123583170742;[0.34887422 0.65112578];[15.357197  -1.8996805]
episode;567;2;0.09575454545454547;297.69930505752563;8.490281740404185;[17.64 -1.98];[18. -2.];0.0;8.564545445117151;[0.5336535 0.4663465];[15.370764  -1.8973968]
episode;569;2;0.09573636363636363;299.8263440132141;0.7422160428261746;[17.64 -1.98];[18. -2.];1.1637297027251299;1.145823958797091;[0.138747 0.861253];[13.928787  -1.8330331]
episode;571;2;0.09571818181818183;299.84558296203613;15.736871696929073;[17.64 -1.98];[18. -2.];0.0;13.98168225385815;[0.9030006 0.0969994];[13.975031 -1.824856]
episode;573;2;0.09570000000000001;301.9560708999634;2.131394152816979;[17.64 -1.98];[18. -2.];1.3239104430026867;2.6389153911101326;[0.20955118 0.79044882];[14.869332  -1.7876916]
episode;575;2;0.09568181818181819;301.97559213638306;17.458417402759277;[17.64 -1.98];[18. -2.];0.0;16.4600189116967;[0.99074503 0.00925497];[14.909443  -1.7808144]
episode;577;2;0.09566363636363637;304.07075214385986;14.659273626448229;[17.64 -1.98];[18. -2.];1.2222301993957336;15.529561283065224;[0.84807715 0.15192285];[16.628277  -1.7688711]
episode;579;2;0.09564545454545455;304.09027910232544;-0.15715494600530944;[17.64 -1.98];[18. -2.];0.0;0.8728523688901504;[0.0929075 0.9070925];[16.587595  -1.7774243]
episode;581;2;0.09562727272727274;306.18737387657166;5.078954980174234;[17.64 -1.98];[18. -2.];0.908991578308975;5.627820713651828;[0.35978364 0.64021636];[15.789631  -1.8896209]
episode;583;2;0.09560909090909091;306.2065281867981;-1.5977379907147922;[17.64 -1.98];[18. -2.];0.0;-0.7472007404855951;[0.01948328 0.98051672];[15.767252  -1.8938851]
episode;585;2;0.0955909090909091;308.34383606910706;10.977370344187216;[17.64 -1.98];[18. -2.];0.8900193861302208;10.054084375033318;[0.66041643 0.33958357];[14.136933 -1.919977]
episode;587;2;0.09557272727272728;308.3628602027893;2.2107715015128626;[17.64 -1.98];[18. -2.];0.0;2.3940440290937053;[0.21359692 0.78640308];[14.108837  -1.9246875]
episode;589;2;0.09555454545454546;310.47165513038635;8.867454189355094;[17.64 -1.98];[18. -2.];1.1381522587993567;8.4558506468837;[0.55287738 0.44712262];[14.477221  -1.9103762]
episode;591;2;0.09553636363636364;310.49147391319275;-0.28022360875924224;[17.64 -1.98];[18. -2.];0.0;0.28687663917673145;[0.08663488 0.91336512];[14.447037  -1.9155587]
episode;593;2;0.09551818181818182;312.59125113487244;13.492617132240763;[17.64 -1.98];[18. -2.];1.0191072878592156;13.958101634322055;[0.78861453 0.21138547];[16.047974  -1.9089466]
episode;595;2;0.0955;312.6113770008087;15.76517183504349;[17.64 -1.98];[18. -2.];0.0;16.176037332720316;[0.90444301 0.09555699];[16.051832  -1.9102767]
episode;597;2;0.09548181818181818;314.72857093811035;-1.969539573885599;[17.64 -1.98];[18. -2.];0.8001080453395844;-1.1181430746549936;[5.33151178e-04 9.99466849e-01];[14.623261  -1.8336424]
episode;599;2;0.09546363636363638;314.7479770183563;3.737580350886465;[17.64 -1.98];[18. -2.];0.0;4.029356492817163;[0.29141592 0.70858408];[14.641947  -1.8293309]
logs;600;1;0.09545454545454546;316.8755831718445;-0.1932895827529503;[ 826. -100.];2.2167553047046944;11.895556036897434;nan;[0.80671042 0.19328958];0
episode;601;2;0.09544545454545456;316.88627219200134;13.847658386387117;[17.64 -1.98];[18. -2.];1.1083776523523472;11.513121305381059;[0.80671042 0.19328958];[12.752972  -1.7685968]
episode;603;2;0.09542727272727274;316.9015009403229;6.062042416607855;[17.64 -1.98];[18. -2.];0.0;5.2494573853258855;[0.40989003 0.59010997];[12.728822  -1.7681848]
episode;605;2;0.09540909090909092;319.02919602394104;1.2680962251789303;[17.64 -1.98];[18. -2.];1.130443703602342;1.4993397096912358;[0.16555027 0.83444973];[13.638198  -1.8931297]
episode;607;2;0.0953909090909091;319.0489408969879;1.1553505402248383;[17.64 -1.98];[18. -2.];0.0;1.402637881991381;[0.1598038 0.8401962];[13.637882  -1.8932039]
episode;609;2;0.09537272727272728;321.1597669124603;-1.6114348232490867;[17.64 -1.98];[18. -2.];0.985259260982275;-0.9007692974373658;[0.01878518 0.98121482];[15.295309 -1.96275 ]
episode;611;2;0.09535454545454546;321.1790108680725;10.158883579563438;[17.64 -1.98];[18. -2.];0.0;10.271801045655915;[0.61869947 0.38130053];[15.328232  -1.9564567]
episode;613;2;0.09533636363636365;323.28978204727173;12.328061485124188;[17.64 -1.98];[18. -2.];0.8127144268330406;11.417454172904101;[0.729259 0.270741];[14.07272   -1.8796532]
episode;615;2;0.09531818181818182;323.30897283554077;13.484816643186225;[17.64 -1.98];[18. -2.];0.0;12.443976099690355;[0.78821695 0.21178305];[14.075255  -1.8803095]
episode;617;2;0.09530000000000001;325.4140648841858;5.0200496014051375;[17.64 -1.98];[18. -2.];0.8355741500854492;4.786835589897368;[0.35678133 0.64321867];[13.418285  -1.7674632]
episode;620;3;0.09527272727272727;327.5244879722595;3.470717795470741;[17.2872 -2.9404];[18. -3.];0.532336576312196;4.263444350665723;[0.31694901 0.68305099];[15.262356 -1.800431]
episode;622;2;0.09525454545454545;327.5437138080597;15.171631706563826;[17.64 -1.98];[18. -2.];0.0;15.280282528189478;[0.87419122 0.12580878];[15.279798  -1.8034663]
episode;624;2;0.09523636363636365;329.66021513938904;8.437943070602854;[17.64 -1.98];[18. -2.];0.5631792632972493;8.399219679942897;[0.53098589 0.46901411];[13.635727 -1.655216]
episode;627;3;0.09520909090909091;329.68411803245544;13.332357362163572;[17.2872 -2.9404];[18. -3.];0.0;13.27315798201876;[0.80448285 0.19551715];[13.645223  -1.6582756]
episode;631;4;0.09517272727272728;331.80179595947266;2.6621995870918496;[24.470992 -3.881592];[26. -4.];0.5562778922783977;2.466265285463499;[0.23080054 0.76919946];[11.372623  -1.5241921]
episode;633;2;0.09515454545454546;333.91624903678894;13.97162360777767;[17.64 -1.98];[18. -2.];0.9070496850592249;11.80653760227532;[0.81302873 0.18697127];[12.374565  -1.6111685]
episode;635;2;0.09513636363636364;333.9357120990753;9.46100919924629;[17.64 -1.98];[18. -2.];0.0;8.144837323609801;[0.58312993 0.41687007];[12.360474  -1.6072711]
episode;637;2;0.09511818181818182;336.0476939678192;10.590549362585467;[17.64 -1.98];[18. -2.];0.6504711039802608;10.621617642281164;[0.64070078 0.35929922];[14.583096 -1.788326]
episode;639;2;0.0951;336.06693506240845;2.0842625607749445;[17.64 -1.98];[18. -2.];0.0;2.6367049912592773;[0.20714896 0.79285104];[14.569809  -1.7876203]
episode;641;2;0.09508181818181818;338.20404410362244;12.679764742011404;[17.64 -1.98];[18. -2.];0.4790245353737298;11.485776348926894;[0.74718475 0.25281525];[13.153229  -1.7045076]
episode;643;2;0.09506363636363636;338.22338104248047;-0.18206077920160713;[17.64 -1.98];[18. -2.];0.0;0.35431319033947783;[0.09163808 0.90836192];[13.127409  -1.7037362]
episode;645;2;0.09504545454545454;340.342885017395;13.353061090556565;[17.64 -1.98];[18. -2.];0.7495451922364095;14.03860505480182;[0.78150158 0.21849842];[15.466011  -1.9360731]
episode;647;2;0.09502727272727274;340.3619360923767;11.782358295793381;[17.64 -1.98];[18. -2.];0.0;12.467036336392532;[0.70144538 0.29855462];[15.464097  -1.9352973]
episode;650;3;0.095;342.4638979434967;14.027365688093703;[17.2872 -2.9404];[18. -3.];0.23704252041438045;14.757264487876926;[0.83884226 0.16115774];[13.879543  -1.8629801]
episode;652;2;0.09498181818181818;344.5875427722931;16.445127367889167;[17.64 -1.98];[18. -2.];0.8111334624974167;14.403451548931944;[0.93909925 0.06090075];[11.458378  -1.6805618]
episode;654;2;0.09496363636363638;344.6069209575653;2.765627294801144;[17.64 -1.98];[18. -2.];0.0;2.3931771421673353;[0.24187703 0.75812297];[11.424412  -1.6717869]
episode;656;2;0.09494545454545456;346.72453784942627;3.3260540243090606;[17.64 -1.98];[18. -2.];0.6451246935655089;2.958703824408423;[0.27044108 0.72955892];[12.526793  -1.8081193]
episode;658;2;0.09492727272727274;346.74367022514343;5.100720864750025;[17.64 -1.98];[18. -2.];0.0;4.6210207053519525;[0.36089301 0.63910699];[12.530225 -1.808406]
episode;660;2;0.09490909090909092;348.8493959903717;4.06446025626572;[17.64 -1.98];[18. -2.];0.5710656309829039;4.055963931818098;[0.30807647 0.69192353];[14.786643  -2.0614002]
episode;664;4;0.09487272727272728;350.9835841655731;-2.7923423661968743;[16.941456 -3.881592];[18. -4.];0.154026674983256;-0.5382899321317423;[0.05230981 0.94769019];[13.530941  -2.0046213]
episode;666;2;0.09485454545454546;351.0030360221863;11.256047364231586;[17.64 -1.98];[18. -2.];0.0;10.60111766312235;[0.67462015 0.32537985];[13.558327 -2.00985 ]
episode;668;2;0.09483636363636365;353.1655869483948;4.27627415004965;[17.64 -1.98];[18. -2.];0.7575690658653483;3.824998078787843;[0.31887228 0.68112772];[11.452202  -1.8380772]
episode;671;3;0.09480909090909091;353.18971395492554;17.876076090878342;[24.9704 -2.9404];[26. -3.];0.0;11.758934488393388;[0.74582155 0.25417845];[11.474241 -1.845625]
episode;673;2;0.09479090909090909;355.30114698410034;2.745452616044759;[17.64 -1.98];[18. -2.];0.5906918375369381;2.432839304854492;[0.24084876 0.75915124];[12.573222  -1.9972503]
episode;675;2;0.09477272727272727;355.3206858634949;6.366122144410702;[17.64 -1.98];[18. -2.];0.0;5.599334663252071;[0.42538849 0.57461151];[12.581606  -2.0004387]
episode;677;2;0.09475454545454545;357.4225721359253;12.662307028577795;[17.64 -1.98];[18. -2.];0.623256292194128;12.91631206002405;[0.74629496 0.25370504];[14.848853  -2.2971978]
episode;679;2;0.09473636363636365;357.4414460659027;0.6956632780302225;[17.64 -1.98];[18. -2.];0.0;0.817114194193896;[0.13637428 0.86362572];[14.829731  -2.2920477]
episode;681;2;0.09471818181818183;359.5631031990051;14.335649235364166;[17.64 -1.98];[18. -2.];0.366043499287437;13.50879420999775;[0.83158253 0.16841747];[13.65144   -2.2246833]
episode;683;2;0.0947;359.58206009864807;2.6626892853767514;[17.64 -1.98];[18. -2.];0.0;2.4808266828978844;[0.23663044 0.76336956];[13.630248 -2.215565]
episode;685;2;0.09468181818181819;361.6891930103302;15.828119865883561;[17.64 -1.98];[18. -2.];0.710332568954019;12.854700490565484;[0.90765137 0.09234863];[11.596029  -2.0218284]
episode;687;2;0.09466363636363637;361.70815801620483;1.0264288779403732;[17.64 -1.98];[18. -2.];0.0;0.6447024416301473;[0.15323287 0.84676713];[11.557087  -2.0070498]
episode;689;2;0.09464545454545455;363.81453490257263;0.013629870821635137;[17.64 -1.98];[18. -2.];0.5573468938031617;-0.15521866238094983;[0.10161212 0.89838788];[12.683931 -2.160477]
episode;693;4;0.09460909090909092;365.93909215927124;12.594299601850873;[16.941456 -3.881592];[18. -4.];0.3102125915534356;13.667898773025996;[0.79123343 0.20876657];[14.935362  -2.4387052]
episode;695;2;0.09459090909090909;365.9583718776703;2.8130460096340713;[17.64 -1.98];[18. -2.];0.0;2.8233695689766147;[0.24429388 0.75570612];[14.925138  -2.4332247]
episode;697;2;0.09457272727272728;368.0683379173279;8.073483205485346;[17.64 -1.98];[18. -2.];0.4400530336972545;7.59308286483022;[0.51240995 0.48759005];[13.766311  -2.2811172]
episode;700;3;0.09454545454545456;370.16890716552734;6.723084470073686;[17.2872 -2.9404];[18. -3.];0.42770980970532285;6.39518615344807;[0.47773757 0.52226243];[11.76771   -2.0034335]
logs;700;3;0.09454545454545456;370.16961908340454;7.03248896910891;[ 826. -100.];0.42770980970532285;6.39518615344807;nan;[0.47773757 0.52226243];0
episode;702;2;0.09452727272727272;370.1891281604767;17.050002824114326;[17.64 -1.98];[18. -2.];0.0;13.99648647707696;[0.96992879 0.03007121];[11.781968  -2.0105572]
episode;704;2;0.09450909090909092;372.3115029335022;15.940300916975094;[17.64 -1.98];[18. -2.];0.4620249863056576;13.61197338478177;[0.91336906 0.08663094];[12.918236  -2.1098533]
episode;706;2;0.0944909090909091;372.3309440612793;7.083949114060882;[17.64 -1.98];[18. -2.];0.0;6.25672375240757;[0.46197498 0.53802502];[12.90437   -2.1012719]
episode;709;3;0.09446363636363636;374.4662330150604;0.7152632410938735;[24.9704 -2.9404];[26. -3.];0.42909562207904517;0.8756051755146411;[0.13097666 0.86902334];[15.087081  -2.2759585]
episode;711;2;0.09444545454545455;374.48603105545044;15.274352168015715;[17.64 -1.98];[18. -2.];0.0;15.71376290395152;[0.87942672 0.12057328];[15.104126 -2.286568]
episode;713;2;0.09442727272727273;376.6136631965637;11.488865242081044;[17.64 -1.98];[18. -2.];0.4264298778246431;10.996037498950407;[0.68648651 0.31351349];[13.965791  -2.1040492]
episode;715;2;0.09440909090909091;376.6350269317627;0.8623067125965165;[17.64 -1.98];[18. -2.];0.0;0.9082209434871429;[0.14486782 0.85513218];[13.951381  -2.0952997]
episode;717;2;0.0943909090909091;378.7486381530762;17.326295731812237;[17.64 -1.98];[18. -2.];0.6016872908700915;14.359131377577626;[0.984011 0.015989];[11.993738  -1.8663079]
episode;719;2;0.09437272727272727;378.7680640220642;11.42412137242637;[17.64 -1.98];[18. -2.];0.0;9.457032556343457;[0.68318661 0.31681339];[11.987701  -1.8610722]
episode;722;3;0.09434545454545455;380.92690324783325;-0.9468758453060984;[17.2872 -2.9404];[18. -3.];0.29096869919814317;0.18783414059653283;[0.09855466 0.90144534];[13.0624695 -1.8990979]
episode;724;2;0.09432727272727273;383.0460088253021;0.5886430050512228;[17.64 -1.98];[18. -2.];0.6382387681480717;0.8067717293220904;[0.13091962 0.86908038];[15.197298  -2.0057461]
episode;726;2;0.09430909090909091;383.0655791759491;17.56255831762889;[17.64 -1.98];[18. -2.];0.0;18.070723437320915;[0.99605292 0.00394708];[15.2005   -2.017974]
episode;730;4;0.09427272727272727;385.17719197273254;-1.3846776319259715;[16.941456 -3.881592];[18. -4.];0.210092580274624;0.6272185190541155;[0.11991109 0.88008891];[14.058252  -1.8537879]
episode;732;2;0.09425454545454547;387.2968442440033;-0.5386892246358272;[17.64 -1.98];[18. -2.];0.5809670618790037;-0.18862773491116636;[0.0734613 0.9265387];[12.108383  -1.6497931]
episode;734;2;0.09423636363636363;387.3161540031433;10.696157671794126;[17.64 -1.98];[18. -2.];0.0;8.986245828377855;[0.64608347 0.35391653];[12.120465  -1.6618388]
episode;736;2;0.09421818181818183;389.4611301422119;0.5182975619410979;[17.64 -1.98];[18. -2.];0.33394648353843126;0.7156183615309847;[0.12733423 0.87266577];[13.16624  -1.690716]
episode;738;2;0.0942;389.4811050891876;15.913462807762457;[17.64 -1.98];[18. -2.];0.0;14.32596108172184;[0.91200116 0.08799884];[13.170561  -1.7047836]
episode;740;2;0.09418181818181819;391.5919539928436;13.564158653069487;[17.64 -1.98];[18. -2.];0.6166750885107938;13.127276220356507;[0.79226089 0.20773911];[15.251581  -1.8282936]
episode;743;3;0.09415454545454546;391.61615014076233;2.4419613983367445;[24.9704 -2.9404];[26. -3.];0.0;2.8515406748433683;[0.19284153 0.80715847];[15.2545395 -1.8229234]
episode;745;2;0.09413636363636363;393.74375796318054;9.208940820350337;[17.64 -1.98];[18. -2.];0.40424349947887306;9.036195524408175;[0.57028241 0.42971759];[14.139024  -1.7205846]
episode;747;2;0.09411818181818182;393.7630190849304;6.3158153063510465;[17.64 -1.98];[18. -2.];0.0;6.353001611449113;[0.42282443 0.57717557];[14.139826  -1.7191982]
episode;749;2;0.0941;395.88022685050964;15.749166695637307;[17.64 -1.98];[18. -2.];0.5621762961587485;13.192080068489403;[0.90362725 0.09637275];[12.236914 -1.593164]
episode;751;2;0.09408181818181818;395.9213230609894;14.414505587549009;[17.64 -1.98];[18. -2.];0.0;12.098273136744464;[0.83560171 0.16439829];[12.237278  -1.5915191]
episode;754;3;0.09405454545454546;398.0550138950348;-2.2055981211303153;[24.9704 -2.9404];[26. -3.];0.3302234060624067;-0.8144663380452194;[0.02632679 0.97367321];[13.256923  -1.6453236]
episode;756;2;0.09403636363636364;400.1855618953705;11.204850589365272;[17.64 -1.98];[18. -2.];0.4941077000078033;10.923267367374201;[0.67201073 0.32798927];[15.274551  -1.8176874]
episode;758;2;0.09401818181818182;400.20531392097473;13.532371663163854;[17.64 -1.98];[18. -2.];0.0;13.997831943767846;[0.79064076 0.20935924];[15.274426  -1.8198148]
episode;760;2;0.09400000000000001;402.3463661670685;1.9455894799774025;[17.64 -1.98];[18. -2.];0.2397129452403854;2.382305620478477;[0.20008101 0.79991899];[14.176279  -1.7710983]
episode;762;2;0.09398181818181818;402.365847826004;2.429007657112331;[17.64 -1.98];[18. -2.];0.0;2.6908192535040842;[0.22472006 0.77527994];[14.175587  -1.7713441]
episode;765;3;0.09395454545454546;404.5503001213074;11.603385111823576;[24.9704 -2.9404];[26. -3.];0.43548639571549846;9.575251941785442;[0.52108091 0.47891909];[16.089766  -2.0494053]
episode;767;2;0.09393636363636365;404.56575298309326;6.930386558717195;[17.64 -1.98];[18. -2.];0.0;7.672572459546856;[0.45414814 0.54585186];[16.090588  -2.0489163]
episode;769;2;0.09391818181818182;406.7193720340729;0.3805330677392045;[17.64 -1.98];[18. -2.];0.35394035389318185;0.6063532413155646;[0.12031259 0.87968741];[14.8469925 -2.026224 ]
episode;771;2;0.09390000000000001;406.7384309768677;16.748652211710773;[17.64 -1.98];[18. -2.];0.0;16.554814350693412;[0.95456943 0.04543057];[14.8446045 -2.0394552]
episode;773;2;0.09388181818181818;408.86042618751526;16.759731384707116;[17.64 -1.98];[18. -2.];0.6493632760556305;14.419222754826716;[0.95513412 0.04486588];[12.814125  -1.9006176]
episode;775;2;0.09386363636363637;408.87983202934265;14.276426781130356;[17.64 -1.98];[18. -2.];0.0;12.284665642174001;[0.82856406 0.17143594];[12.815857  -1.8993925]
episode;777;2;0.09384545454545455;411.00496792793274;13.247075947367987;[17.64 -1.98];[18. -2.];0.43060918963130784;12.145782571949212;[0.77609969 0.22390031];[13.732477 -2.035022]
episode;779;2;0.09382727272727273;411.02426290512085;15.968364960709984;[17.64 -1.98];[18. -2.];0.0;14.636202700051136;[0.91479944 0.08520056];[13.7313175 -2.0366917]
episode;781;2;0.09380909090909093;413.1706461906433;0.5710544608339889;[17.64 -1.98];[18. -2.];0.5276941017192953;0.7037883164421691;[0.13002316 0.86997684];[15.609875  -2.2447524]
episode;783;2;0.09379090909090909;413.1910228729248;17.17827004784602;[17.64 -1.98];[18. -2.];0.0;17.74492980420989;[0.97646636 0.02353364];[15.602722  -2.2570167]
episode;786;3;0.09376363636363637;415.3300280570984;1.4201479221967728;[17.2872 -2.9404];[18. -3.];0.2231090352231381;2.340638689269458;[0.21557416 0.78442584];[14.419616 -2.146035]
episode;788;2;0.09374545454545455;417.45061898231506;-1.608115989275296;[17.64 -1.98];[18. -2.];0.7649780343122342;-1.5072984934897828;[0.01895433 0.98104567];[12.46748   -1.9476227]
episode;790;2;0.09372727272727273;417.47057700157166;14.247636537467834;[17.64 -1.98];[18. -2.];0.0;11.941369809777399;[0.82709666 0.17290334];[12.472598  -1.9656603]
episode;792;2;0.09370909090909092;419.61254692077637;5.397190605363052;[17.64 -1.98];[18. -2.];0.5845167268725002;4.602241467025078;[0.3760036 0.6239964];[13.327045  -2.0170994]
episode;794;2;0.09369090909090909;419.63164806365967;3.392789731179478;[17.64 -1.98];[18. -2.];0.0;3.005210551951166;[0.27384249 0.72615751];[13.327402  -2.0153904]
episode;796;2;0.09367272727272728;421.74798917770386;8.808190556550873;[17.64 -1.98];[18. -2.];0.4502552883589969;8.372881261085626;[0.54985681 0.45014319];[15.152897  -2.1891406]
episode;798;2;0.09365454545454546;421.76776695251465;11.68358785296816;[17.64 -1.98];[18. -2.];0.0;11.846247654747046;[0.69641121 0.30358879];[15.153896  -2.1917775]
episode;800;2;0.09363636363636364;423.88695311546326;8.41190382264456;[17.64 -1.98];[18. -2.];0.31384432206259055;8.255023282093465;[0.52965871 0.47034129];[14.006762  -2.0507083]
logs;800;2;0.09363636363636364;423.8876528739929;8.593174131136147;[ 860. -100.];0.31384432206259055;8.255023282093465;nan;[0.52965871 0.47034129];0
episode;802;2;0.09361818181818182;423.9062428474426;15.538621003305133;[17.64 -1.98];[18. -2.];0.0;14.638820398463649;[0.89289608 0.10710392];[14.00401   -2.0564477]
episode;804;2;0.0936;426.0467119216919;13.54234449974743;[17.64 -1.98];[18. -2.];0.5912038973149132;13.499160008961049;[0.79114906 0.20885094];[15.78862   -2.1641045]
episode;806;2;0.0935818181818182;426.0617051124573;15.652650829385848;[17.64 -1.98];[18. -2.];0.0;16.55112995502853;[0.89870799 0.10129201];[15.787789  -2.1656215]
episode;808;2;0.09356363636363636;428.18709683418274;-0.8285414520204628;[17.64 -1.98];[18. -2.];0.3407859193051563;-0.6124568662922585;[0.058688 0.941312];[14.540965  -1.9828538]
episode;812;4;0.09352727272727272;430.33976793289185;23.485616062144672;[29.176952 -3.881592];[31. -4.];0.32869097984888973;14.024818682117473;[0.8278407 0.1721593];[12.563284  -1.7756293]
episode;814;2;0.09350909090909092;430.35903906822205;4.058068546153308;[17.64 -1.98];[18. -2.];0.0;3.554627486974005;[0.30775069 0.69224931];[12.5595665 -1.7663724]
episode;816;2;0.0934909090909091;432.48396611213684;17.506633450878788;[17.64 -1.98];[18. -2.];0.7237860174740062;15.448331851350815;[0.99320252 0.00679748];[13.38853   -1.8001704]
episode;818;2;0.09347272727272728;432.50357484817505;16.06305695800666;[17.64 -1.98];[18. -2.];0.0;14.674053826233155;[0.91962574 0.08037426];[13.388364  -1.7993354]
episode;821;3;0.09344545454545455;434.64926505088806;20.823262612029676;[24.9704 -2.9404];[26. -3.];0.46026975456990443;16.83787918597893;[0.8514146 0.1485854];[15.150246  -1.8831186]
episode;825;4;0.09340909090909091;436.7857029438019;4.041963756199255;[16.941456 -3.881592];[18. -4.];0.2435408805442207;6.039826607179949;[0.38051854 0.61948146];[13.982047 -1.744244]
episode;827;2;0.0933909090909091;436.8047659397125;1.9102825041021725;[17.64 -1.98];[18. -2.];0.0;2.1775580940132633;[0.19828147 0.80171853];[13.979329  -1.7411104]
episode;830;3;0.09336363636363637;438.94373989105225;9.972708446700791;[17.2872 -2.9404];[18. -3.];0.5173719316428783;12.169729206824561;[0.63839054 0.36160946];[15.740356  -1.8954147]
episode;832;2;0.09334545454545455;441.07980608940125;12.626993913645283;[17.64 -1.98];[18. -2.];0.47608921348172073;13.104818095738377;[0.7444951 0.2555049];[14.518385  -1.7770712]
episode;834;2;0.09332727272727273;441.0992679595947;8.994914264586313;[17.64 -1.98];[18. -2.];0.0;9.07740847238011;[0.55937382 0.44062618];[14.512218  -1.7747558]
episode;836;2;0.09330909090909091;443.21866393089294;9.740247216041675;[17.64 -1.98];[18. -2.];0.7738075611345908;9.190669645829622;[0.59736224 0.40263776];[12.556894  -1.6235144]
episode;838;2;0.09329090909090909;443.23782992362976;3.267602233478484;[17.64 -1.98];[18. -2.];0.0;3.0427739872800164;[0.26746189 0.73253811];[12.543066 -1.615237]
episode;840;2;0.09327272727272727;445.3985860347748;15.58063379165624;[17.64 -1.98];[18. -2.];0.6971129746559788;13.82534211106831;[0.8950374 0.1049626];[13.326895  -1.6550804]
episode;842;2;0.09325454545454546;445.41806507110596;12.136146155764669;[17.64 -1.98];[18. -2.];0.0;11.192271882843105;[0.71947738 0.28052262];[13.320506  -1.6527563]
episode;844;2;0.09323636363636364;447.5506148338318;7.6228988733714;[17.64 -1.98];[18. -2.];0.6262026402880164;7.608048527633514;[0.48944439 0.51055561];[15.020701 -1.768413]
episode;848;4;0.0932;449.7200291156769;-0.6591453634189688;[16.941456 -3.881592];[18. -4.];0.20253576382118113;1.736314869432507;[0.15475384 0.84524616];[13.841776  -1.6871676]
episode;850;2;0.09318181818181819;449.7390670776367;0.0509264602477264;[17.64 -1.98];[18. -2.];0.0;0.5082853469749897;[0.10351307 0.89648693];[13.839893  -1.6860843]
episode;852;2;0.09316363636363637;451.87011098861694;-0.7332278844211355;[17.64 -1.98];[18. -2.];0.6659369725076592;-0.20263662799753424;[0.06354598 0.93645402];[15.158251  -1.8475242]
episode;854;2;0.09314545454545455;451.88941502571106;14.739525912076198;[17.64 -1.98];[18. -2.];0.0;15.09270971266214;[0.85216748 0.14783252];[15.197781  -1.8605309]
episode;856;2;0.09312727272727274;454.0239429473877;-0.9623879571642848;[17.64 -1.98];[18. -2.];0.5322206086095642;-0.481056225247192;[0.05186606 0.94813394];[13.786371  -1.7863228]
episode;858;2;0.09310909090909092;454.04319024086;-1.2844976953002996;[17.64 -1.98];[18. -2.];0.0;-0.8334776622071918;[0.03544864 0.96455136];[13.785588  -1.7859812]
episode;860;2;0.0930909090909091;456.1667580604553;-0.05047060804760495;[17.64 -1.98];[18. -2.];0.6590603787232848;0.33770230817550695;[0.09834503 0.90165497];[15.23386   -1.9357373]
episode;862;2;0.09307272727272728;456.1859998703003;0.7741452700762059;[17.64 -1.98];[18. -2.];0.0;1.2079941967924803;[0.14037438 0.85962562];[15.234853 -1.936435]
episode;864;2;0.09305454545454546;458.21578311920166;3.296215292636554;[17.64 -1.98];[18. -2.];0.4974495864966336;3.5009449542673314;[0.26892025 0.73107975];[13.854656 -1.876862]
episode;866;2;0.09303636363636364;458.2346079349518;14.017211443646875;[17.64 -1.98];[18. -2.];0.0;13.047687031557734;[0.81535227 0.18464773];[13.890655  -1.8884524]
episode;868;2;0.09301818181818182;460.3488290309906;12.52416794069495;[17.64 -1.98];[18. -2.];0.6780134415363565;12.221915334383748;[0.73925423 0.26074577];[15.300077  -2.0361602]
episode;870;2;0.093;460.36820793151855;9.078176213462987;[17.64 -1.98];[18. -2.];0.0;9.370465422381667;[0.56361754 0.43638246];[15.2882595 -2.0334916]
episode;872;2;0.0929818181818182;462.49743914604187;16.750069702233077;[17.64 -1.98];[18. -2.];0.5098598413169384;16.31382831635971;[0.95464168 0.04535832];[13.9182625 -1.9336141]
episode;874;2;0.09296363636363637;462.51654410362244;1.8093445384238749;[17.64 -1.98];[18. -2.];0.0;1.8808411811225811;[0.19313683 0.80686317];[13.866652  -1.9191395]
episode;876;2;0.09294545454545455;464.64601397514343;15.893274648467893;[17.64 -1.98];[18. -2.];0.6548087073161322;15.41370091817214;[0.9109722 0.0890278];[15.312151  -2.0557683]
episode;879;3;0.09291818181818182;464.6700270175934;10.50795418930058;[17.2872 -2.9404];[18. -3.];0.0;11.080466353101817;[0.6648517 0.3351483];[15.294769  -2.0527318]
episode;882;3;0.0928909090909091;466.813982963562;10.255534689150984;[17.2872 -2.9404];[18. -3.];0.3067269376387783;9.848571018122172;[0.65237273 0.34762727];[13.876466  -1.9599427]
episode;884;2;0.09287272727272727;468.96344089508057;16.74733467894999;[17.64 -1.98];[18. -2.];0.6216476496089908;16.20135938261393;[0.95450228 0.04549772];[15.267833  -2.0591035]
episode;887;3;0.09284545454545455;468.9834749698639;3.8405749639150315;[17.2872 -2.9404];[18. -3.];0.0;5.209472191862866;[0.33523379 0.66476621];[15.21862   -2.0491035]
episode;889;2;0.09282727272727273;471.1148600578308;2.2838537547038893;[17.64 -1.98];[18. -2.];0.46337375198217;2.2854871131359564;[0.2173218 0.7826782];[13.7827635 -1.9393052]
episode;891;2;0.09280909090909091;471.13407492637634;10.333238348867798;[17.64 -1.98];[18. -2.];0.0;9.626234848056503;[0.62758605 0.37241395];[13.816789  -1.9503517]
episode;893;2;0.09279090909090909;473.2625241279602;7.776369846220145;[17.64 -1.98];[18. -2.];0.6075466167839134;8.053410076401583;[0.49726656 0.50273344];[15.146021  -2.0206914]
episode;895;2;0.09277272727272727;473.2822160720825;11.805541755804795;[17.64 -1.98];[18. -2.];0.0;12.041792336518142;[0.702627 0.297373];[15.164518  -2.0241408]
episode;897;2;0.09275454545454546;475.4222550392151;1.115710271595563;[17.64 -1.98];[18. -2.];0.43742921619730835;1.2648598687777906;[0.1577834 0.8422166];[13.685961  -1.8820505]
episode;899;2;0.09273636363636364;475.44129395484924;12.321405938548468;[17.64 -1.98];[18. -2.];0.0;11.445018906239294;[0.72891977 0.27108023];[13.736928  -1.8961058]
logs;900;1;0.09272727272727273;477.57776284217834;-0.29134668467447294;[ 813. -100.];1.1783021061735994;13.042162294777762;nan;[0.70865332 0.29134668];0
episode;901;2;0.09271818181818182;477.5878999233246;11.923778046686841;[17.64 -1.98];[18. -2.];0.5891510530867997;12.144761836606836;[0.70865332 0.29134668];[15.0874815 -2.0124195]
episode;904;3;0.0926909090909091;479.7345359325409;12.906659060270457;[24.9704 -2.9404];[26. -3.];0.4279188653271572;11.606693894244254;[0.56777516 0.43222484];[17.112612 -2.001731]
episode;906;2;0.09267272727272728;479.753849029541;11.863321953720202;[17.64 -1.98];[18. -2.];0.0;13.57331555432405;[0.70557197 0.29442803];[17.128096  -2.0042326]
episode;908;2;0.09265454545454546;481.90593004226685;0.3474501445846554;[17.64 -1.98];[18. -2.];0.6480434225762591;1.083617748780141;[0.11862641 0.88137359];[16.17282   -1.8407279]
episode;910;2;0.09263636363636364;481.92720007896423;10.757340061141816;[17.64 -1.98];[18. -2.];0.0;11.71961240936886;[0.64920184 0.35079816];[16.231857  -1.8517725]
episode;913;3;0.0926090909090909;484.12990498542786;5.705834870628271;[17.2872 -2.9404];[18. -3.];0.5352338824202033;7.5283910388362445;[0.42744739 0.57255261];[17.973934  -2.0142748]
episode;915;2;0.0925909090909091;484.15067505836487;1.5729859980778829;[17.64 -1.98];[18. -2.];0.0;2.5516267611570993;[0.18109001 0.81890999];[17.947556 -2.009353]
episode;917;2;0.09257272727272728;486.30810618400574;16.331200921586657;[17.64 -1.98];[18. -2.];0.6035332555937416;17.591738757834076;[0.93329261 0.06670739];[16.820126  -1.8906168]
episode;919;2;0.09255454545454546;486.32788014411926;11.07333019532652;[17.64 -1.98];[18. -2.];0.0;12.13483103491118;[0.66530735 0.33469265];[16.7904    -1.8855367]
episode;921;2;0.09253636363636364;488.4802918434143;14.081317173160373;[17.64 -1.98];[18. -2.];0.9393892188501709;16.61110222154126;[0.81861963 0.18138037];[18.597086  -2.0381224]
episode;923;2;0.09251818181818182;488.50059509277344;10.669818579478523;[17.64 -1.98];[18. -2.];0.0;12.784010484252775;[0.64474101 0.35525899];[18.576448  -2.0344083]
episode;925;2;0.09250000000000001;490.68589901924133;2.7156936906498967;[17.64 -1.98];[18. -2.];0.565482913132976;3.533809142848413;[0.23933199 0.76066801];[17.170525  -1.9081836]
episode;927;2;0.09248181818181818;490.70518803596497;17.484445138847782;[17.64 -1.98];[18. -2.];0.0;18.846127090536747;[0.99207162 0.00792838];[17.259811 -1.923501]
episode;929;2;0.09246363636363637;492.84696412086487;15.82550377929868;[17.64 -1.98];[18. -2.];0.923142658875269;18.505247736198882;[0.90751803 0.09248197];[18.91238   -2.2138526]
episode;931;2;0.09244545454545455;492.86803913116455;8.63937730063975;[17.64 -1.98];[18. -2.];0.0;10.40719252061043;[0.54125267 0.45874733];[18.86564  -2.204875]
episode;933;2;0.09242727272727273;494.98555302619934;16.84562317265513;[17.64 -1.98];[18. -2.];0.5793556235730648;18.057733110404605;[0.95951188 0.04048812];[17.421112  -2.1284566]
episode;935;2;0.09240909090909091;495.0045690536499;1.5593277381894377;[17.64 -1.98];[18. -2.];0.0;2.1608002754909115;[0.18039387 0.81960613];[17.325449  -2.1093705]
episode;937;2;0.09239090909090909;497.1819369792938;3.7281229097388273;[17.64 -1.98];[18. -2.];1.0556386913008549;3.7336949224977003;[0.29093389 0.70906611];[15.094691  -1.9418225]
episode;939;2;0.09237272727272729;497.2016689777374;9.644541096291572;[17.64 -1.98];[18. -2.];0.0;9.139895907267013;[0.59248426 0.40751574];[15.130159 -1.949482]
episode;941;2;0.09235454545454545;499.460706949234;5.778288877314619;[17.64 -1.98];[18. -2.];1.0490588440614588;5.878486470254138;[0.39542757 0.60457243];[15.892089 -2.043442]
episode;943;2;0.09233636363636365;499.48103618621826;8.924423651217108;[17.64 -1.98];[18. -2.];0.0;8.883291311218521;[0.55578102 0.44421898];[15.911144  -2.0476305]
